5063176841
5273347022
5565837796
2697404200
3921866543
2933538905
1987335911
3837122238
3294143653
2480612361
3171584910
2644530593
2863317704
3276213840
5163989196
3264935010
1384952882
1768227670
1735698455
1758450771
1771055293
1671956237
2165760972
1951110135
1662068793
1640016932
2129865524
1314710005
2080115155
3284080991
1806080943
1749783560
1784537661
1794088154
1970428141
2523545405
5850202649
1826792401
5058100710
2714280233
3461862362
1477389603
5417579293
1801670214
2841318542
1954301771
2745813247
3688859234
1780288517
2812864912
3479268335
1342704701
1922786850
2142058927
1746664450
1870306220
1778330365
5296994820
1251733737
2970422027
1295674790
1856593420
1233628161
1312412824
5111516073
3669102477
1705180884
2252854467
5230379828
2984088522
1964522654
5747171281
3054571717
3623353053
1661689110
1895291251
1751974874
5303841936
5286746454
1189313175
